2.47 88.36 3.82 2.75 1.67
1.18 82.74 2.52 5.21 1.41
3.36 85.21 4.49 3.89 1.91
4.05 76.95 5.17 7.43 1.58
1.65 86.12 2.71 1.57 1.73
0.73 76.8 1.68 6.12 1.37
2.01 75.27 3.06 0.96 1.29
2.18 73.18 3.03 4.35 1.89
1.3 88.47 2.4 3.78 1.61
1.65 85.63 2.72 6.67 1.79
2.15 78.09 3.61 0.82 1.28
1.03 83.55 2.4 7.1 1.82
0.65 86.89 1.58 4.94 1.35
0.43 77.31 1.34 2.3 1.62
1.72 89.02 3.06 7.86 1.75
1.51 89.41 3 3.41 1.43
1.15 67.98 2.35 1.23 1.97
1.32 89.76 2.54 5.63 1.68
0.45 79.65 1.22 0.5 1.52
1.47 88.01 3.01 2.09 1.46
2.1 66.33 3.48 6.54 1.32
2.11 80.79 3.29 7.98 1.96
2.21 72.45 3.24 4.77 1.56
0.68 82.18 1.45 1.88 1.85
0.31 71.5 1.29 6.2 1.38