3.53 1.66 1.91 0.04
3.88 1.63 1.12 1.13
3.36 1.87 1.7 0.21
3.53 1.94 1.95 0.36
3.61 1.77 1.47 0.37
3.65 1.84 0.82 0.99
3.67 1.69 1.44 0.54
3.87 1.96 1.64 0.27
3.89 1.8 1.8 0.29
3.82 1.71 1.39 0.72
3.44 1.83 1.19 0.42
3.56 1.97 1.58 0.01
3.38 1.94 1.52 0.08
3.74 1.82 1.66 0.26
3.6 1.63 1.18 0.79
3.48 1.86 1.27 0.35
3.68 1.7 1.67 0.31
3.8 1.78 1.29 0.73
3.55 1.88 1.66 0.01
3.75 1.89 1.46 0.4
3.57 1.96 1.23 0.38
3.49 1.87 0.91 0.71
3.49 1.68 1.59 0.22
3.39 1.9 1.08 0.41
3.86 1.95 1.06 0.85